200.16 199.16 198.16 197.16 201.16 204.05 202.94 204.83 207.83 207.16 205.16 202.16 199.56 199.37 201.07 203.85 206.09 208.39 210.98 211.68 210.98 208.98 209.01 208.96 205.07 202.07 201.37 202.37 201.07 200.96 203.77 204.96
199.16 198.16 200.16 202.16 205.05 210.05 213.83 215.83 214.94 210.05 203.16 200.75 201.34 202.52 204.63 209.82 212.09 210.87 209.98 210.99 212.29 214.29 215.1 213.24 210.83 207.94 206.94 207.53 208.83 208.83 211.94 212.83
201.16 202.16 204.05 207.94 209.94 211.83 213.61 213.61 211.61 208.94 207.05 207.05 208.12 208.01 209.23 210.34 209.83 207.83 208.83 211.32 212.62 213.44 215.33 215.4 214.59 210.6 206.8 211.16 216.57 217.91 218.12 213.74
205.16 207.05 206.94 210.83 211.83 212.61 214.98 214.98 214.98 215.31 216.72 219.61 218.98 215.98 213.53 213.05 212.83 213.72 215.72 218.02 218.91 219.13 219.29 211.45 195.21 174.96 156.24 169.27 213.81 221.07 217.11 210.54
207.16 208.16 207.94 210.83 212.83 217.2 219.98 220.87 219.87 220.87 222.76 224.65 224.13 221.54 218.09 217.31 220.28 220.87 221.57 221.27 219.77 214.76 194.61 162.57 133.44 112.94 96.27 112.54 189.21 216.01 215.56 210.39
209.16 211.75 214.42 219.09 221.98 222.98 222.98 220.09 218.68 219.94 221.73 222.62 223.28 223.8 225.25 225.14 221.92 218.81 218.63 217.81 199.19 147.16 102.77 99.03 94.53 91.07 83.95 76.54 119.42 173.67 212.62 213.95
214.53 216.42 217.79 220.87 220.76 219.46 220.98 221.98 223.16 224.24 227.53 229.49 228.66 228.41 221.17 198.66 179.36 163.91 147.86 137.46 119.66 91.79 70.17 83.26 94.12 83.16 46.41 26.96 57.99 134.08 208.03 221.58
225.18 221.1 215.62 217.21 218.62 223.55 229.18 232.96 234.85 235.64 233.39 230.71 228.31 215.64 157.92 92.65 91.84 85.78 59.98 36.49 34.51 44.41 68.28 91.04 86.37 55.28 46.89 64.28 67.73 142.11 211.33 201.58
228.16 226.27 225.86 228.16 230.64 233.79 236.05 236.05 233.75 229.66 225.87 220.72 196.88 160.15 127.78 108.16 93.14 40.34 16.98 12.8 23.22 35.83 75.28 89.75 69.36 49.27 80.08 106.07 87.6 125.74 166.35 150.85
228.95 232.03 234.89 236.18 236.46 234.86 233.01 229.23 225.33 221.92 215.67 189.46 147.84 116.47 103.05 103.58 103.26 67.46 42.07 45.76 72.4 83.13 83.09 90.15 77.51 56.84 90 149.63 127.13 103.33 136.64 145.78
231.92 235.7 235.3 232.61 230.69 229.08 227.01 225.12 223.61 216.06 179.21 134.49 114.46 106.21 89.94 63.84 56.15 81.63 96.9 91.03 87.26 84.39 85.8 88.87 76.82 57.22 78.26 126.3 129.31 107.62 139.29 155.16
233.2 233.2 231.01 227.73 226.53 228.3 227.27 226.27 224.84 168.34 95.09 76.38 101.85 116.66 72.59 41.98 41.99 78.59 99.27 82.69 75.12 76.62 83.26 82.39 76.64 69.12 56.5 82.66 110.72 134.77 163.83 160.7
230.6 229.6 229.49 230.49 231.79 233.27 232.75 232.75 230.23 141.53 39.86 34.3 69.58 107.25 69.15 47.26 77.85 94.3 85.86 74.68 74.97 77.58 80.54 74.37 64.15 52.52 50.3 91.58 136.2 165.83 171.52 161.28
229.86 231.54 234.13 236.32 237.58 238.1 237.24 234.23 235.3 185.75 51.06 21.71 31.52 69.47 92.04 90.49 93.73 83.5 74.88 72.48 76.28 80.89 69.53 54.56 46.25 58.59 99.21 127.28 139.55 147.33 143.42 148.29
235.64 237.51 238.26 238.01 234.75 228.87 221.33 215.68 214.74 175.28 50.66 15.24 22.37 54.38 94.83 88.24 73.34 72.7 71.99 76.46 72.22 64.18 50.98 34.56 71.77 118.67 132.92 126.62 124.92 123.33 115.82 117.58
222.07 216.24 205.98 194.52 187.78 179.73 168.03 169.42 149.57 74.63 12.69 11.29 49.99 94.87 84.55 67.88 73.52 73.2 78.62 76.49 62.21 46.5 22.03 48.74 107.28 130.22 131.22 133.62 132.92 119.91 110.1 105.67
178.03 168.79 168.49 171.36 174.51 174.98 170.56 138.19 92.47 69.75 29.39 62.26 109 99.53 77.55 67.25 72.69 79.87 77.64 61.6 47.14 18.36 38.39 98.24 123.03 133.94 139.33 129.62 128.22 115.62 102.29 101.35
177.28 171.14 172.21 179.12 182.49 177.01 137.38 88.8 79.09 95.5 104.84 124.1 105.28 79.83 73.81 73.08 74.92 72.52 58.06 40.82 18.96 24.32 87.98 117.15 123.69 133.48 132.1 115.22 127.94 128.02 114.66 122.84
149.88 151.62 151.76 155.82 158.82 126.47 84.67 85.43 95.19 112.38 135.59 101.99 71.42 67.95 74.32 79.91 68.73 51.93 37.56 18.97 19.51 63.12 104.28 106.44 110.9 132.18 144.09 130.8 134.8 136.39 132.15 138.44
120.15 125.01 131.32 120.88 104.65 77.3 83.53 105.66 114.75 122.11 106.37 61.42 33.45 35.02 58.44 66.78 54.15 36.71 19.54 24.64 68.66 110.74 120.58 126.07 132.94 151.33 158.57 152.27 141.55 131.95 129.15 140.74
119.26 123.68 109.23 89.13 84.75 76.65 87.54 109.55 104.45 90 58.96 25.17 17.98 21.64 28.13 35.34 32.74 19.34 34.59 84.7 131.63 141.48 142.84 153.71 157.39 157.69 155.54 155.24 145.61 135.02 137.15 149.84
126.74 118.34 74.48 56.82 79.84 88.07 96.54 95.1 83.5 52.64 16.72 29.97 62.85 66.6 49.9 23.23 16.74 44.77 100.66 140.35 150.63 152.53 159.22 162.69 161.99 157.69 156.12 156.02 150.78 148.5 152.41 155.39
117.32 104.05 78.26 63.16 79.42 98.98 92.25 80.07 73.57 33.87 16.15 67.4 90.76 100.06 80.36 48.87 64.95 118.86 150.96 158.72 154.01 159 165.19 165.69 162.99 159.69 154.12 151.91 156.78 161.55 164.73 154.6
100.64 90.65 89.62 95.32 90.17 81.63 75.24 73.87 71.78 38.8 43.68 86.24 112 151.42 121.23 88.09 136.28 159.25 158.03 158.9 159.08 166.47 171.76 162.99 157.99 155.8 147.93 146.61 155.97 164.71 165.75 164.43
91.32 74.9 70.49 70.85 76.43 65.38 67.72 73.2 76.79 56.18 50.65 80.77 121.56 159.28 138.31 104.37 152.81 163.06 156.04 156.13 166.02 170.31 165.23 156.48 149.59 147.4 156.42 161.37 161.9 171.64 176.51 175.21
82.4 73.41 91.64 89.39 42.25 52.95 70.04 73.56 71.41 46.22 30.05 56.63 85.53 118.7 103.79 116.93 156.7 159.36 162.82 171.99 175.37 171.48 171.18 169.29 159.29 156.59 170.09 176.15 178.4 181.59 184.4 181.1
99.53 117.27 133.65 86.39 42.66 55.11 85.75 72.3 38.82 38.36 76.25 56.09 64.21 97.13 130.87 158.31 159.19 158.95 163.42 169.97 175.54 174.54 171.32 171.29 167.59 169.89 178.69 179.18 180.18 182.59 183.29 181.21
158.13 184.99 167.65 107.53 58.54 46.85 64.81 51.14 41.17 88.62 150.44 120.01 124.8 157.23 169.48 168.05 167.87 172.82 173.67 172.14 174.41 172.19 167.16 172.43 177.43 179.84 182.37 181.78 180.59 182.29 182.4 179.1
189.04 189.72 184.07 167.55 133.62 95.37 70.88 92.36 129.82 161.84 181.13 170.16 167.77 171.9 171.5 173.5 179.58 181.43 179.98 176.5 176.2 177.35 177.32 181.92 183.33 182.33 182.75 183.46 182.05 180.78 180.29 176.21
183.39 181.33 180.2 177.89 179.21 169.43 157.82 172.38 184.65 180.24 181.26 179.59 178.98 179.49 181.79 182.38 179.49 181.87 181.96 179.8 180.2 182.94 183.91 183.03 182.44 183.33 183.75 183.35 180.46 178.67 177.7 173.21
178.89 181.29 185.36 187.62 186.51 187.09 190.57 188.02 184.1 184.3 185.53 182.16 181.98 184.44 186.44 187.14 185.06 184.87 183.98 182.5 184.39 184.54 185.62 185.22 184.63 185.63 185.94 181.94 180.05 179.97 177.59 171.4
181.61 183.48 187.08 188.16 186.01 182.88 178.87 169.95 169.65 176.98 179.57 179.57 181.46 184.13 184.24 185.13 185.32 182.32 181.43 181.95 183.95 183.73 182.14 183.14 182.03 181.03 179.74 177.44 176.85 175.77 172.51 168.32
